10 16
20 31
30 20
40 33
50 40
60 60
70 69
80 44
90 134
100 152
110 76
120 185
130 199
140 93
150 95
160 156
170 109
180 91
190 153
200 100
210 251
220 112
230 188
240 336
250 241
260 517
270 261
280 260
290 190
300 148
310 111
320 148
330 172
340 175
350 180
360 563
370 210
380 185
390 334
400 115
410 100
420 111
430 446
440 252
450 138
460 171
470 103
480 156
490 161
500 107
510 148
520 147
530 142
540 251
550 133
560 206
570 186
580 182
590 183
600 171
610 160
620 175
630 182
640 193
650 529
660 242
670 364
680 180
690 276
700 204
710 146
720 135
730 199
740 160
750 171
760 177
770 147
780 170
790 163
800 166
810 159
820 154
830 186
840 427
850 521
860 484
870 295
880 249
890 216
900 257
910 201
920 404
930 370
940 632
950 377
960 321
970 294
980 567
990 300
1000 528
